REGIAO:;NE;;;;;;;;;;;;;;;;;
UF:;SE;;;;;;;;;;;;;;;;;
ESTACAO:;CARIRA;;;;;;;;;;;;;;;;;
CODIGO (WMO):;A420;;;;;;;;;;;;;;;;;
LATITUDE:;-10,39972221;;;;;;;;;;;;;;;;;
LONGITUDE:;-37,74749999;;;;;;;;;;;;;;;;;
ALTITUDE:;289,92;;;;;;;;;;;;;;;;;
DATA DE FUNDACAO:;28/03/2008;;;;;;;;;;;;;;;;;
Data;Hora UTC;PRECIPITA«√O TOTAL, HOR¡RIO (mm);PRESSAO ATMOSFERICA AO NIVEL DA ESTACAO, HORARIA (mB);PRESS√O ATMOSFERICA MAX.NA HORA ANT. (AUT) (mB);PRESS√O ATMOSFERICA MIN. NA HORA ANT. (AUT) (mB);RADIACAO GLOBAL (Kj/m≤);TEMPERATURA DO AR - BULBO SECO, HORARIA (∞C);TEMPERATURA DO PONTO DE ORVALHO (∞C);TEMPERATURA M¡XIMA NA HORA ANT. (AUT) (∞C);TEMPERATURA MÕNIMA NA HORA ANT. (AUT) (∞C);TEMPERATURA ORVALHO MAX. NA HORA ANT. (AUT) (∞C);TEMPERATURA ORVALHO MIN. NA HORA ANT. (AUT) (∞C);UMIDADE REL. MAX. NA HORA ANT. (AUT) (%);UMIDADE REL. MIN. NA HORA ANT. (AUT) (%);UMIDADE RELATIVA DO AR, HORARIA (%);VENTO, DIRE«√O HORARIA (gr) (∞ (gr));VENTO, RAJADA MAXIMA (m/s);VENTO, VELOCIDADE HORARIA (m/s)
01/01/2020;0000 UTC;;980,4;980,4;979,9;;21,9;20,1;22,4;21,9;20,8;20,1;92;89;90;35;9,2;3,6
01/01/2020;0100 UTC;;980,5;980,6;980,4;;22;20,7;22;21,8;20,7;20,1;93;90;92;51;6,8;0,5
01/01/2020;0200 UTC;;979,6;980,5;979,6;;22;20,8;22,1;22;20,9;20,7;93;92;93;91;4,5;0
01/01/2020;0300 UTC;;979,1;979,7;979,1;;22,2;20,9;22,2;21,9;21,1;20,8;93;93;93;287;0;0
01/01/2020;0400 UTC;;978,1;979,2;978,1;;22;21,3;22,2;21,9;21,3;20,9;96;92;96;58;0;0
01/01/2020;0500 UTC;;978,6;978,6;978,1;;21,9;21,5;22;21,9;21,5;21,2;97;96;97;147;0;0
01/01/2020;0600 UTC;;978,7;978,9;978,6;;21,9;21,5;22,1;21,8;21,7;21,5;98;97;98;190;0;0
01/01/2020;0700 UTC;;978,8;978,8;978,5;;21,9;21,6;22;21,8;21,8;21,5;99;98;98;280;0;0
01/01/2020;0800 UTC;;979,3;979,3;978,7;;22,2;21,9;22,2;21,9;21,9;21,6;99;98;98;15;0;0
01/01/2020;0900 UTC;;979,6;979,6;979,3;74,7;22,8;22,3;22,8;22,2;22,3;21,8;98;97;97;13;0;0
01/01/2020;1000 UTC;;979,8;979,8;979,6;523,1;24;22,4;24,1;22,8;22,8;22,3;97;91;91;11;4,2;0,3
01/01/2020;1100 UTC;;980,1;980,2;979,8;1191,4;25,7;22,2;26;24;22,9;22,2;91;81;81;7;6,5;2,5
01/01/2020;1200 UTC;;980,4;980,4;980,1;1979,1;27,6;21,6;28,3;25,7;22,7;21,6;82;69;70;13;6,5;0,4
01/01/2020;1300 UTC;;980,2;980,5;980,2;1900,7;28;20,8;28,5;27,3;21,7;20,5;70;64;65;11;5,5;2,3
01/01/2020;1400 UTC;;979,7;980,2;979,7;2275,6;29,2;20,1;29,9;27,9;21;19,9;65;56;58;30;5,6;1,8
01/01/2020;1500 UTC;;978,9;979,7;978,9;2353,9;30;19,6;30,7;29,2;20,4;19,3;58;52;54;64;5,7;1,8
01/01/2020;1600 UTC;;977,8;978,9;977,8;2182,5;30,9;18,3;31,9;30;19,5;18,1;54;46;47;6;6,8;0
01/01/2020;1700 UTC;;976,9;977,8;976,9;1936;31,5;17,5;32,2;31;18,9;17,5;47;43;43;325;5,6;1,2
01/01/2020;1800 UTC;;976,2;976,9;976,2;1363,6;31,8;17,3;31,9;31;18,3;17,3;46;42;42;344;5,6;0,2